0.000 0.839 0.000 
0.000 0.476 0.000 
0.000 0.370 0.000 
0.000 0.709 0.060 
0.000 0.211 0.143 
0.000 0.389 0.062 
0.000 0.832 0.000 
0.000 0.583 0.000 
0.000 0.198 0.000 
0.000 0.787 0.106 
0.000 0.561 0.216 
0.000 0.596 0.091 
0.000 0.608 0.190 
0.000 0.264 0.327 
0.000 0.039 0.227 
0.000 0.818 0.007 
0.000 0.334 0.016 
0.000 0.755 0.006 
0.000 0.613 0.073 
0.000 0.122 0.130 
0.000 0.456 0.042 
0.000 0.263 0.460 
0.000 0.320 0.405 
0.000 0.369 0.140 
0.000 0.287 0.482 
0.000 0.288 0.326 
0.000 0.241 0.222 
0.000 0.722 0.016 
0.000 0.622 0.016 
0.000 0.395 0.026 
0.000 0.360 0.192 
0.000 0.246 0.144 
0.000 0.096 0.220 
0.000 0.814 0.000 
0.000 0.509 0.000 
0.000 0.372 0.000 
0.000 0.233 0.278 
0.000 0.057 0.324 
0.000 0.055 0.044 
0.000 0.777 0.047 
0.000 0.285 0.131 
0.000 0.038 0.019 
0.000 0.649 0.006 
0.000 0.581 0.005 
0.000 0.603 0.002 
0.000 0.776 0.039 
0.000 0.373 0.090 
0.000 0.508 0.025 
0.000 0.553 0.001 
0.000 0.365 0.000 
0.000 0.313 0.000 
0.000 0.670 0.139 
0.000 0.259 0.299 
0.000 0.539 0.041 
