0.000 0.570 0.163 
0.000 0.412 0.191 
0.000 0.579 0.079 
0.000 0.221 0.645 
0.000 0.049 0.724 
0.000 0.128 0.422 
0.000 0.409 0.363 
0.000 0.419 0.372 
0.000 0.234 0.179 
0.000 0.506 0.020 
0.000 0.642 0.012 
0.000 0.064 0.013 
0.000 0.291 0.044 
0.000 0.146 0.052 
0.000 0.258 0.002 
0.000 0.024 0.546 
0.000 0.008 0.288 
0.000 0.010 0.138 
0.000 0.006 0.665 
0.000 0.017 0.438 
0.000 0.031 0.411 
0.000 0.125 0.005 
0.000 0.123 0.001 
0.000 0.080 0.000 
0.000 0.098 0.833 
0.000 0.031 0.839 
0.000 0.374 0.343 
0.000 0.171 0.405 
0.000 0.212 0.336 
0.000 0.168 0.028 
0.000 0.416 0.318 
0.000 0.224 0.277 
0.000 0.178 0.222 
0.000 0.060 0.811 
0.000 0.068 0.685 
0.000 0.065 0.422 
0.000 0.495 0.335 
0.000 0.506 0.307 
0.000 0.098 0.367 
0.000 0.208 0.043 
0.000 0.304 0.070 
0.000 0.048 0.036 
0.000 0.115 0.025 
0.000 0.293 0.001 
0.000 0.236 0.007 
0.000 0.113 0.750 
0.000 0.021 0.747 
0.000 0.126 0.400 
0.000 0.262 0.554 
0.000 0.118 0.604 
0.000 0.273 0.152 
0.000 0.288 0.344 
0.000 0.070 0.404 
0.000 0.081 0.260 
