0.000 0.905 0.014 
0.000 0.630 0.016 
0.000 0.774 0.011 
0.000 0.837 0.002 
0.000 0.581 0.001 
0.000 0.501 0.001 
0.000 0.426 0.506 
0.000 0.355 0.536 
0.000 0.284 0.483 
0.000 0.339 0.209 
0.000 0.252 0.087 
0.000 0.253 0.153 
0.000 0.432 0.264 
0.000 0.432 0.218 
0.000 0.333 0.245 
0.000 0.570 0.163 
0.000 0.412 0.191 
0.000 0.579 0.079 
0.000 0.221 0.645 
0.000 0.049 0.724 
0.000 0.128 0.422 
0.000 0.409 0.363 
0.000 0.419 0.372 
0.000 0.234 0.179 
0.000 0.506 0.020 
0.000 0.642 0.012 
0.000 0.064 0.013 
0.000 0.291 0.044 
0.000 0.146 0.052 
0.000 0.258 0.002 
0.000 0.024 0.546 
0.000 0.008 0.288 
0.000 0.010 0.138 
0.000 0.006 0.665 
0.000 0.017 0.438 
0.000 0.031 0.411 
0.000 0.125 0.005 
0.000 0.123 0.001 
0.000 0.080 0.000 
0.000 0.098 0.833 
0.000 0.031 0.839 
0.000 0.374 0.343 
0.000 0.171 0.405 
0.000 0.212 0.336 
0.000 0.168 0.028 
0.000 0.416 0.318 
0.000 0.224 0.277 
0.000 0.178 0.222 
0.000 0.060 0.811 
0.000 0.068 0.685 
0.000 0.065 0.422 
0.000 0.495 0.335 
0.000 0.506 0.307 
0.000 0.098 0.367 
0.000 0.208 0.043 
0.000 0.304 0.070 
0.000 0.048 0.036 
0.000 0.115 0.025 
0.000 0.293 0.001 
0.000 0.236 0.007 
0.000 0.113 0.750 
0.000 0.021 0.747 
0.000 0.126 0.400 
0.000 0.262 0.554 
0.000 0.118 0.604 
0.000 0.273 0.152 
0.000 0.288 0.344 
0.000 0.070 0.404 
0.000 0.081 0.260 
0.000 0.839 0.000 
0.000 0.476 0.000 
0.000 0.370 0.000 
0.000 0.709 0.060 
0.000 0.211 0.143 
0.000 0.389 0.062 
0.000 0.832 0.000 
0.000 0.583 0.000 
0.000 0.198 0.000 
0.000 0.787 0.106 
0.000 0.561 0.216 
0.000 0.596 0.091 
0.000 0.608 0.190 
0.000 0.264 0.327 
0.000 0.039 0.227 
0.000 0.818 0.007 
0.000 0.334 0.016 
0.000 0.755 0.006 
0.000 0.613 0.073 
0.000 0.122 0.130 
0.000 0.456 0.042 
0.000 0.263 0.460 
0.000 0.320 0.405 
0.000 0.369 0.140 
0.000 0.287 0.482 
0.000 0.288 0.326 
0.000 0.241 0.222 
0.000 0.722 0.016 
0.000 0.622 0.016 
0.000 0.395 0.026 
0.000 0.360 0.192 
0.000 0.246 0.144 
0.000 0.096 0.220 
0.000 0.814 0.000 
0.000 0.509 0.000 
0.000 0.372 0.000 
0.000 0.233 0.278 
0.000 0.057 0.324 
0.000 0.055 0.044 
0.000 0.777 0.047 
0.000 0.285 0.131 
0.000 0.038 0.019 
0.000 0.649 0.006 
0.000 0.581 0.005 
0.000 0.603 0.002 
0.000 0.776 0.039 
0.000 0.373 0.090 
0.000 0.508 0.025 
0.000 0.553 0.001 
0.000 0.365 0.000 
0.000 0.313 0.000 
0.000 0.670 0.139 
0.000 0.259 0.299 
0.000 0.539 0.041 
0.000 0.082 0.704 
0.000 0.048 0.648 
0.000 0.056 0.098 
0.000 0.136 0.581 
0.000 0.141 0.480 
0.000 0.089 0.231 
0.000 0.014 0.427 
0.000 0.000 0.405 
0.000 0.015 0.063 
0.000 0.005 0.810 
0.000 0.014 0.794 
0.000 0.002 0.017 
0.000 0.001 0.371 
0.000 0.026 0.365 
0.000 0.001 0.030 
0.000 0.019 0.808 
0.000 0.035 0.705 
0.000 0.009 0.476 
0.000 0.002 0.702 
0.000 0.011 0.708 
0.000 0.008 0.019 
0.000 0.022 0.109 
0.000 0.001 0.077 
0.000 0.008 0.007 
0.000 0.004 0.737 
0.000 0.004 0.737 
0.000 0.000 0.077 
0.000 0.025 0.789 
0.000 0.033 0.535 
0.000 0.018 0.282 
0.000 0.003 0.355 
0.000 0.012 0.244 
0.000 0.000 0.040 
0.000 0.020 0.533 
0.000 0.014 0.393 
0.000 0.013 0.285 
0.000 0.008 0.101 
0.000 0.013 0.037 
0.000 0.008 0.071 
0.000 0.486 0.214 
0.000 0.448 0.124 
0.000 0.212 0.235 
0.000 0.176 0.320 
0.000 0.141 0.334 
0.000 0.063 0.037 
0.000 0.647 0.098 
0.000 0.492 0.066 
0.000 0.345 0.040 
0.000 0.708 0.154 
0.000 0.482 0.300 
0.000 0.658 0.152 
0.000 0.633 0.062 
0.000 0.539 0.075 
0.000 0.215 0.040 
0.000 0.564 0.325 
0.000 0.419 0.412 
0.000 0.424 0.084 
