0.22493,0.31786,0.42825
0.0066279,0.32208,0.023259
0.023966,0.44131,0.073267
0.00082101,0.46083,0.32125
0.00039391,0.34462,0.11569
0.0005019,0.4638,0.05997
0.00029085,0.89554,0.049518
0.00011716,0.88064,0.091048
0.0001665,0.71598,0.078226
0.00023656,0.50273,0.31033
0.00027333,0.18322,0.050872
2.7326e-05,0.05727,0.018606
0.00011851,0.69408,0.12875
2.4791e-06,0.80623,0.036574
8.9503e-07,0.60337,0.039276
0.00044779,0.2827,0.12029
0.00025568,0.24252,0.59638
0.00022292,0.2179,0.3832
0.000115,0.31327,0.12365
0.00018075,0.19433,0.74149
9.5734e-05,0.073067,0.46831
0.00018682,0.19202,0.49438
6.0289e-05,0.17502,0.77346
0.00041435,0.026724,0.39479
0.00026006,0.49594,0.39508
0.00016773,0.43267,0.078881
0.00021889,0.073782,0.16022
0.00044249,0.4813,0.1716
0.00039297,0.21865,0.56873
0.00029957,0.20779,0.018064
0.0001723,0.095373,0.14408
7.0278e-05,0.13745,0.46766
2.9456e-05,0.1855,0.094275
3.9774e-05,0.32321,0.069824
0.00086954,0.022449,0.22225
4.5024e-07,0.37285,0.30943
0.00039316,0.015392,0.18505
0.00012241,0.0099141,1.471e-06
4.0255e-05,0.11252,0.51906
3.5666e-06,0.43562,0.071904
2.5358e-06,0.18683,0.80272
1.8761e-05,0.47022,0.31
0.00016577,0.22841,0.37089
3.7856e-05,0.37395,0.29401
9.8908e-06,0.084766,0.35817
0.00035922,0.29992,0.14682
0.00025971,0.22531,0.61446
3.3069e-05,0.20702,0.29368
0.00062123,0.4503,0.16569
0.00031117,0.48016,0.48805
0.00037735,0.16374,0.44449
9.2057e-05,0.42973,0.32781
7.2274e-05,0.3559,0.60664
7.056e-05,0.099845,0.6571
0.0001506,0.13757,0.092774
6.3746e-05,0.22616,0.72882
1.9459e-06,0.19661,0.55993
0.00047001,0.074913,0.044053
8.0608e-06,0.38433,0.40843
1.9301e-06,0.14862,0.14897
9.1173e-08,0.23228,0.086442
1.5509e-06,0.099354,0.89255
1.51e-05,0.31862,0.42894
1.6605e-05,0.389,0.10271
2.5598e-05,0.15594,0.78576
5.1653e-06,0.23912,0.43397
4.0402e-05,0.26071,0.037465
1.9489e-05,0.27335,0.59887
1.1003e-05,0.28307,0.30491
0.00041442,0.76894,0.14799
0.00012597,0.45972,0.0022094
0.00031855,0.64928,0.0017711
5.1979e-05,0.8482,0.08935
8.2207e-08,0.26502,0.0030288
6.9742e-06,0.53989,0.0015971
7.8336e-05,0.88774,0.071012
1.3926e-07,0.53038,0.0018466
0.00042251,0.43334,0.0026629
0.0003779,0.64156,0.3186
0.00065197,0.20661,0.30933
0.00068359,0.48646,0.012862
0.00017886,0.80964,0.090929
0.00010624,0.58442,0.13851
1.2499e-06,0.63026,0.070733
4.7905e-05,0.76399,0.16027
1.7496e-05,0.127,0.082963
4.8868e-05,0.79464,0.013125
0.00031414,0.15612,0.34936
0.00014821,0.042403,0.87054
0.00019502,0.038778,0.24852
4.1905e-05,0.21783,0.11989
2.8223e-05,0.29306,0.67919
7.9183e-05,0.35572,0.21488
0.00054332,0.6315,0.10554
6.4279e-05,0.60638,0.076798
0.00019091,0.14285,0.071276
5.2707e-06,0.91643,0.053344
4.6063e-06,0.56382,0.0030298
0.00013606,0.70112,0.0023679
6.9846e-05,0.52746,0.061911
1.487e-05,0.14683,0.39128
0.00024074,0.37327,0.10736
0.0002291,0.89455,0.067541
4.2566e-05,0.50725,0.0021715
0.00079273,0.63716,0.0017339
0.0003937,0.22263,0.62038
0.00033937,0.10499,0.15727
1.1516e-05,0.12971,0.0037139
2.7868e-05,0.70725,0.17937
6.9072e-08,0.47564,0.24879
2.8727e-05,0.51751,0.12032
3.8625e-06,0.86485,0.11051
1.9317e-07,0.63988,0.014343
0.00012962,0.76119,0.0060331
0.00013311,0.88791,0.090349
2.7749e-05,0.44689,0.045285
9.5508e-06,0.69899,0.0052695
0.00025663,0.73472,0.16205
4.2175e-06,0.036006,0.01042
0.00011443,0.20826,0.00073892
0.00021064,0.64597,0.27996
0.00011366,0.36899,0.22027
2.706e-05,0.41109,0.033539
3.5144e-05,0.43722,0.27996
0.00012236,0.18782,0.26212
7.9982e-06,0.29516,0.010269
3.2665e-05,0.1727,0.061462
0.0001824,0.10891,0.36716
1.2926e-06,0.15753,0.21717
0.00013383,0.33686,0.14162
0.00059694,0.2644,0.37198
7.3482e-05,0.051351,0.088045
0.00033735,0.36672,0.14354
6.8569e-05,0.27131,0.63781
6.4186e-05,0.048294,0.012441
0.00042382,0.088301,0.22488
1.8181e-05,2.675e-07,0.86379
2.1616e-06,0.052821,0.11826
0.00057436,0.10767,0.58565
0.00082485,0.14691,0.70186
0.00024318,0.33943,0.12817
0.00016548,0.0087082,0.0017015
0.00065161,0.0023976,0.0005459
1.5378e-05,0.092134,0.013701
4.4686e-06,0.40243,0.54798
0.00030218,0.00019399,0.15795
1.0259e-05,2.8058e-06,0.26735
0.00030222,0.13318,0.23337
3.2964e-06,0.015848,0.70214
7.4957e-05,0.002051,0.25023
0.00012094,0.78633,0.072545
3.3169e-05,0.4495,0.20279
1.0055e-05,0.026986,0.38314
0.00038241,0.0004819,0.32347
0.00023028,0.088011,0.49109
0.00011865,0.060814,7.7739e-06
2.5779e-05,0.4273,0.49758
8.3934e-05,0.46989,0.39449
5.3958e-06,0.57609,0.29965
0.00010223,0.078837,0.2873
7.0539e-05,0.029904,0.73951
8.297e-07,0.0078938,0.32185
0.0003189,0.19851,0.12333
3.2287e-05,0.34402,0.60337
1.3237e-07,0.075941,0.30634
1.3274e-05,0.56015,0.19855
2.5704e-05,0.45421,0.16266
4.4693e-07,0.26833,0.21142
4.081e-05,0.8599,0.05769
9.2818e-06,0.75976,0.15848
6.6961e-06,0.7546,0.041787
1.8638e-05,0.94015,0.028105
0.00012091,0.8636,0.097989
1.585e-06,0.85456,0.053579
0.00020605,0.69929,0.02151
1.2004e-06,0.71731,0.06507
7.6193e-06,0.23463,0.041365
0.00013199,0.80074,0.04459
0.00013669,0.66647,0.28518
2.9774e-06,0.71611,0.14359
