0.26445,0.20001,0.43711
0.085702,0.1178,0.56302
0.098268,0.43205,0.30975
0.010857,0.5148,0.22155
0.0085208,0.18596,0.2341
0.0068168,0.13715,0.098014
0.0029276,0.91722,0.035831
0.0027305,0.84704,0.071628
0.0012911,0.70317,0.040064
0.0062089,0.20989,0.16822
0.0052906,0.20141,0.30947
0.011089,0.14215,0.22545
0.0029775,0.85182,0.031196
0.0023024,0.78394,0.041855
0.0018994,0.68698,0.026647
0.011087,0.33163,0.14824
0.0013643,0.26193,0.71376
0.0026016,0.33731,0.24061
0.0088285,0.18043,0.03535
0.0041433,0.22919,0.26047
0.0028164,0.26062,0.31586
0.0073339,0.016673,0.32335
0.0013315,0.038107,0.94388
0.00056674,0.12152,0.34634
0.00072148,0.61763,0.099931
0.00073689,0.80003,0.075702
1.2894e-06,0.027826,0.10609
0.003296,0.063905,0.06351
0.0047188,0.2475,0.33126
0.0016621,0.14502,0.021621
0.00043278,0.018849,0.08405
0.00048674,0.022613,0.67578
0.0016805,0.19819,0.0042937
0.0040832,0.14688,0.019929
0.0047798,0.026333,0.023776
0.00034249,0.19064,0.042037
0.00026442,0.17025,0.044125
0.00096824,0.050892,0.07111
0.00010345,0.0705,0.050712
0.0061921,0.16217,0.041006
0.0033567,0.095259,0.14522
0.0021269,0.54158,0.0856
0.0032321,0.0002907,0.082462
0.0006602,0.043526,0.87258
0.00034109,0.20527,0.00055068
0.003421,0.31282,0.070889
0.0040811,0.24621,0.27158
0.005666,0.090008,0.27482
0.0039751,0.052113,0.044323
0.00050001,0.062885,0.75457
0.0032904,0.03478,0.26281
0.0040195,0.4192,0.19958
0.0027123,0.31168,0.49019
0.0037526,0.18412,0.057536
0.0026247,0.25369,0.017529
0.00013206,0.44594,0.11844
0.00050697,0.079646,0.06159
0.00012601,0.4682,0.042928
0.0012179,0.084714,0.0063906
2.4403e-05,0.35678,0.30435
0.0032688,0.16778,0.090151
0.0023859,0.045735,0.73031
0.00088098,0.10514,0.51134
0.0001218,0.28861,0.14132
0.00056689,0.046129,0.92447
0.0005121,0.063058,0.020357
0.0042778,0.39685,0.034913
0.0025659,0.052305,0.048561
0.0003097,0.57316,0.12865
0.00062012,0.82006,0.11771
0.00039972,0.60097,0.037371
0.0026219,0.63832,0.014819
0.00069651,0.76128,0.11502
0.00072636,0.1888,0.3499
0.0011434,0.4653,0.1292
1.8661e-07,0.76454,0.071542
0.0016511,0.45228,0.0036881
0.0015979,0.26552,0.0010904
0.00020458,0.8134,0.12539
9.38e-05,0.63228,0.28724
0.00045169,0.80037,0.096546
0.0017515,0.59635,0.14596
4.6001e-06,0.45785,0.45951
0.004031,0.0031071,0.22248
8.3998e-05,0.87154,0.080269
0.00022517,0.4802,0.095615
0.00015175,0.66857,0.04667
3.1794e-06,0.5114,0.1747
0.001016,0.053667,0.85547
0.00055964,0.57847,0.3
0.0049371,0.30145,0.078089
0.0014988,0.40818,0.4865
5.6403e-05,0.2144,0.2301
0.0044902,0.13336,0.31754
0.0038617,0.06124,0.82222
0.00040644,0.16894,0.2301
0.001801,0.59165,0.080473
0.00056898,0.57165,0.28692
0.00060016,0.27364,0.40097
0.00051468,0.40055,0.029131
0.0041249,0.22532,0.15054
0.0028975,0.14589,0.086023
0.00015047,0.71206,0.14216
0.00041909,0.37277,0.071611
0.00022531,0.22153,0.049922
0.0014705,0.235,0.27463
0.00056993,0.2283,0.30423
0.0094975,0.00025346,0.046265
0.0016355,0.63734,0.12765
2.6546e-06,0.10503,0.85894
0.001013,0.08689,0.0034631
0.00017286,0.58725,0.15345
0.00011873,0.42946,0.44517
0.00083429,0.42009,0.1481
0.00032841,0.38849,0.19793
6.5313e-06,0.30254,0.12913
3.9939e-05,0.59156,0.016899
4.9133e-05,0.66075,0.077228
5.4965e-06,0.79466,0.019624
0.0013505,0.43452,0.014645
0.0003046,0.62407,0.089035
0.00049949,0.41424,0.24014
8.1326e-05,0.44022,0.013526
0.0044784,0.014146,0.019848
0.0032157,0.017091,0.34007
0.0043221,0.073477,0.041906
0.015373,0.060577,0.034037
0.019464,0.046608,0.15047
0.0038735,0.063521,0.42236
0.021765,0.0081079,0.050042
0.0061724,0.0066557,0.043257
0.0036342,0.043791,0.011598
0.00096534,0.023773,0.032407
0.0067511,0.048034,0.14268
0.00081437,0.025304,0.0073552
0.00098273,0.0084932,0.017022
0.0014616,0.046255,0.2493
0.00065103,5.6033e-07,3.6273e-05
0.011663,0.00259,0.20748
0.0032833,0.001885,0.90082
0.0046445,0.018907,0.40893
0.0042178,0.0028035,0.01467
0.0039994,0.019046,0.10104
2.9029e-08,0.054557,0.039258
0.0012699,0.028044,0.015244
0.000231,0.11028,0.067676
0.0002431,0.0046441,0.004242
0.00026322,0.58895,0.05076
0.00036409,0.6202,0.25295
0.00056516,0.28624,0.0050688
0.017392,0.0029007,0.1086
0.0041899,0.016697,0.26813
0.0045089,0.0023388,0.075326
0.0017207,0.25093,0.10532
0.0014727,0.13509,0.21735
0.00016617,0.075936,0.0011522
0.0026493,0.080948,0.089058
0.0070717,0.017638,0.32017
0.0050669,0.11349,0.064006
0.011373,0.57229,0.13259
0.00061676,0.017402,0.031215
0.011698,0.014047,0.044246
0.0054076,0.083897,0.061536
0.0031475,0.3702,0.466
0.0028222,0.041761,0.56885
0.0074969,0.030937,0.14036
0.0034431,0.015585,0.885
0.0019686,0.045264,0.16385
0.0046307,0.13059,0.075507
0.00093723,0.10484,0.66061
0.0019121,0.32515,0.026858
0.0055226,0.34028,0.10837
0.00023257,0.27428,0.70979
0.00010537,0.34965,0.52728
0.0037565,0.4266,0.055748
0.002367,0.56976,0.33845
4.4745e-05,0.30835,0.28182
0.0011584,0.46933,0.03119
0.0010038,0.40819,0.37155
0.0072038,0.48723,0.016561
