Columns 1 through 3

    1.0000    4.6665    4.6715
    1.0000    4.6651    4.6665
    1.0000    4.6651    4.6651
    1.0000    4.6660    4.6651
    1.0000    4.6672    4.6660
    1.0000    4.6687    4.6672
    1.0000    4.6704    4.6687
    1.0000    4.6721    4.6704
    1.0000    4.6740    4.6721
    1.0000    4.6758    4.6740
    1.0000    4.6777    4.6758

  Columns 4 through 6

    0.0028    0.0029    0.5300
    0.0022    0.0028    0.5471
    0.0019    0.0022    0.5841
    0.0017    0.0019    0.6300
    0.0015    0.0017    0.6786
    0.0014    0.0015    0.7271
    0.0013    0.0014    0.7744
    0.0013    0.0013    0.8200
    0.0012    0.0013    0.8640
    0.0012    0.0012    0.9064
    0.0012    0.0012    0.9474